0.757656 0.900273
1.04289 0.704174
0.044568 -1.38161
0.454593 1.54205
0.294149 1.73815
-1.68467 -1.13203
0.169358 0.258494
1.72032 -0.133704
-2.20166 -0.873782
-0.315862 -0.454593
-0.722001 0.365457
-1.16768 0.650692
0.0267408 1.22116
1.34595 -0.525902
1.16768 0.645636
-2.27297 -0.65514
0.044568 1.14985
0.508075 0.169358
1.09637 0.846791
-0.0623952 1.48857
-1.27464 -0.169358
-1.43509 -0.615038
-1.82729 -0.34763
0.438362 0.882446
-0.205013 0.401112
-2.46907 -0.702698
1.22116 -0.151531
-1.03495 -0.383285
-1.34595 -1.45292
-0.609933 0.686347
-0.204269 0.757656
-1.36653 -0.276321
0.637872 0.846791
-0.454593 -1.07854
-1.22116 -0.864619
-0.0802223 1.22116
-1.18551 -0.0670057
-1.1142 -0.828964
-0.294149 -0.0623952
0.864619 -0.34763
0.543729 -0.0623952
-0.47242 1.23899
0.365457 -0.543729
-1.25209 -0.151531
-1.34595 -0.511592
-2.13035 -0.169358
0.66852 -0.750987
-0.276321 -0.356457
0.579384 0.205013
-1.20334 0.508075
-0.133704 -0.704174
-1.7025 -0.795281
0.044568 0.632865
-1.5064 -1.06072
0.22284 -0.757656
-1.25682 -0.893022
-0.686347 -0.583587
-1.16768 0.258494
0.0593345 -0.490248
0.00891359 0.632865
0.401112 -0.00891359
1.64901 -0.579384
0.311976 1.11856
0.0980495 0.0980495
-1.9325 -0.953755
0.00891359 0.276321
0.722001 0.294149
-1.22116 0.0623952
-0.213524 0.79331
-0.543729 0.579384
0.953755 -0.383285
0.757656 0.0990684
0.294149 0.757656
1.27464 -0.133704
-0.0267408 1.16768
-2.05904 -0.79331
0.0267408 1.45292
-0.543729 0.953755
1.36378 -0.294149
-0.579384 0.764522
-1.25682 -0.35138
-0.0623952 -0.739828
1.13203 0.775483
-0.882446 -0.246897
-1.61336 -0.9181
-1.34595 -0.673919
-1.41726 -0.311976
1.32813 0.490248
-1.55988 -0.5836
-1.13203 -0.454593
-1.06072 0.258494
-2.07687 -0.240667
-0.864619 0.525902
0.329803 0.704174
-1.13203 -1.02506
-0.187185 1.29247
-0.115877 -0.543729
0.490248 1.80946
0.311976 0.187185
-0.561556 0.953755
-0.0980495 0.0980495
1.14985 0.490248
-1.59553 -0.615038
-0.260125 1.61336
1.02316 0.133704
0.0802223 0.900273
-1.39943 -0.169358
0.401112 1.48857
0.0802223 -0.311976
0.561556 0.864619
-0.00891359 -0.294149
-1.86294 -0.811137
-0.0499631 -0.00891359
-1.32337 0.0267408
-1.04322 -0.47242
-1.5064 -1.04289
-0.811137 -0.418939
-0.151531 -0.120273
0.418939 -0.454593
0.454593 -0.686347
0.811137 -0.935927
-1.7025 -0.329803
-0.66852 -0.205013
0.205013 1.66684
-1.64901 -1.09637
-2.13035 -0.768108
1.16768 0.240667
-0.615038 1.04289
-1.34595 -0.543729
0.329803 -0.122007
-1.04289 -0.436766
-1.73815 -0.646973
-0.989409 -0.775483
-0.846791 -1.06072
0.850171 -0.882446
0.632865 0.686347
-0.811137 -0.240667
-0.525902 -0.828964
-0.490248 0.311976
0.34763 -1.07854
-0.775483 -1.13203
-0.0267408 -1.09637
1.22116 -0.044568
1.06072 0.169358
-2.04121 -0.686347
1.18551 -0.561556
-0.508075 -0.258494
1.04289 1.14985
0.311976 -0.490248
-1.27464 -0.527005
-0.00891359 0.739828
-0.115877 -0.66852
-0.365457 -0.525902
0.205013 -1.06072
-1.27464 -0.904961
-1.09637 -0.561556
-0.00891359 1.64901
-1.06529 0.383285
-0.240667 0.543729
0.187185 0.115877
0.490248 -0.704174
-1.1142 -0.133704
-0.401112 -0.398493
-0.971582 -0.187185
-0.47242 -0.151531
-0.0623952 0.22284
-0.757656 -0.34763
0.383285 -1.1142
0.615038 -0.704174
-0.345312 0.632865
-0.410897 1.27464
0.650692 1.27464
0.0623952 -1.29247
-0.401112 1.59553
0.811137 1.22116
-0.597211 0.0980495
1.02506 0.57624
-1.37752 -0.205013
0.775483 -0.22284
-1.04289 -1.27464
-1.25682 -0.579384
-0.650692 -0.105637
-0.0802223 0.650692
0.828964 1.3103
-0.365457 0.22284
0.0579158 0.579384
0.828964 1.09637
-1.14985 0.418939
-0.775483 -1.14985
-1.07854 -0.757656
-1.02506 -0.169358
-1.43509 0.115877
0.989409 1.16768
-0.739828 0.543729
-1.79163 -0.490248
-2.09469 -0.249419
-0.219333 1.63119
0.34763 -0.953755
1.45292 -0.650692
-0.454593 -0.3704
0.79331 -0.989409
0.525902 -0.864619
-1.16768 -0.615038
1.1142 0.543729
0.686347 -0.704174
-0.704174 0.0980495
-0.258494 1.43509
-1.41726 -1.06072
-2.18383 -0.66852
-0.383285 0.294149
1.54205 -0.169358
-1.09637 0.169358
-1.38161 -0.34763
-0.66852 0.708876
-0.814002 0.525902
-1.04289 -0.525902
0.811137 1.14985
-2.18383 -0.900273
-0.438973 1.18551
-0.579384 -0.454593
0.846791 -0.48597
0.79331 -1.04289
-0.561556 0.522948
0.276321 1.22704
-0.900273 -0.0623952
-0.187185 1.07854
-1.1142 -1.36378
-1.84511 -1.22116
0.436766 0.0802223
-1.16768 -0.418939
-0.739828 -0.989409
0.044568 -1.22116
-1.04289 -0.133704
-1.32813 -0.240667
0.846791 1.18551
-1.11591 0.508075
0.490248 1.68467
0.365457 -0.0980495
-0.525902 1.52422
-1.02506 -0.276321
0.115877 -0.00891359
1.52422 -0.525902
-1.14985 -0.0623952
-1.88077 -0.294149
-0.561556 0.00891359
0.258494 0.169358
-0.739828 0.142174
-0.508075 -0.436766
-1.34595 -0.9181
-2.36359 -0.900273
-0.953755 -1.09637
-2.07687 -0.757905
0.311976 0.0267408
0.276321 -0.401112
-0.044568 -0.632865
0.66852 1.47074
0.151531 0.882446
1.64901 -0.722001
0.543729 0.543729
0.597211 -0.650692
-1.43509 -0.133704
0.0267408 0.66852
0.00891359 -0.597211
0.401112 -1.09637
-0.974969 -0.169358
-0.561556 1.41726
-0.508075 0.311976
0.383285 -1.04289
-1.29247 -1.52422
0.258494 -0.935927
-0.900273 -1.07854
-0.543729 0.650692
0.294149 -0.864619
0.989409 -0.12391
-0.276321 -0.66852
-1.39943 0.205013
-1.16768 -1.06072
0.401112 -0.47242
-0.280475 1.5064
-1.72032 -0.508075
0.650692 0.561556
1.61336 -0.187185
0.454593 -0.615038
0.205013 0.276321
0.276321 -0.730134
-0.579384 0.650692
-1.20316 0.561556
-0.0802223 1.16768
-0.436766 -0.368817
0.864619 -0.285086
-0.515553 1.52422
-0.490248 1.25682
-1.45292 0.082163
0.169358 1.43509
-0.0623952 1.55988
1.04873 0.615038
0.169358 0.543729
-2.29079 -0.632865
-0.383285 0.401112
0.311976 0.563318
0.115877 1.52422
-0.0802223 0.971582
-0.882446 0.329803
0.329803 -0.115877
1.16768 -0.508075
-1.43509 -0.561556
-0.543729 -1.07854
1.14985 0.240667
1.63535 -0.151531
-0.0802223 -0.22284
-0.9181 -0.818154
1.1668 -0.383285
-1.20334 0.044568
-0.187185 -0.311976
0.088865 -0.989409
-0.0802223 -0.329803
0.561511 0.0980495
-0.311976 -0.828964
0.22284 0.187185
-0.276321 -0.276321
0.454593 -0.133704
-1.77381 -1.13203
-1.23899 0.044568
0.365457 0.365457
1.38161 0.205013
-0.739828 0.525902
1.16768 0.768678
-0.618611 0.579384
-0.240667 -0.66852
0.900273 1.27464
-1.16768 0.294149
-0.971582 0.454593
-0.811137 -0.311976
0.418939 -1.09637
-0.418939 0.169358
0.044568 1.68467
1.47074 -0.258494
0.0623952 0.22284
0.597211 -0.133704
0.457708 -1.18551
-1.3103 -0.935927
-0.115877 -0.401112
-0.0623952 -0.169358
-1.09637 -0.722001
-1.41726 -0.864619
-0.22284 1.64901
1.09637 0.722001
-0.240667 -0.739828
-0.311976 -1.38161
-1.57771 -0.205013
0.79331 -0.935927
-0.454593 -0.739828
0.739828 1.55988
-1.39943 -0.704631
0.704174 1.08763
0.434816 -1.13203
-0.205013 -1.27464
1.00724 -0.401112
-0.543729 -0.383285
0.597211 -0.525902
-0.401112 1.3103
-2.27297 -0.888276
0.579384 1.54205
-1.77381 -0.989409
0.971582 -0.74153
0.0480992 0.044568
1.02506 0.0623952
-1.00724 0.00891359
-0.383285 0.0267408
-0.115877 0.9181
0.0980495 0.953755
1.3103 0.66852
-0.47242 0.418939
1.13203 0.882446
-0.205013 1.22116
-0.111444 0.151531
-1.47074 0.115877
-2.05904 -0.234511
1.20334 1.06072
1.1142 0.953755
-0.240667 1.47074
0.169358 1.61336
0.115877 0.900273
0.22284 1.57771
0.757656 -0.151531
-0.593661 0.0267408
-0.0267408 -0.329803
-0.418939 0.45336
0.441854 1.1142
1.72032 -0.169358
1.32813 0.597211
-0.686347 -0.615038
-0.228877 -1.14985
1.18551 1.04289
0.294149 -1.29247
0.632865 0.543729
0.543729 0.258494
-1.57771 -0.739558
-1.9699 -1.13203
1.13203 0.9181
-1.16052 -0.525902
-1.23899 -0.597211
-1.48857 -1.14985
0.597211 0.952811
0.187185 -1.27464
-0.294149 1.18551
0.742935 0.205013
-0.0226305 0.543729
-1.1142 -0.722001
0.311976 -0.66852
0.739828 0.133704
-0.224454 -0.240667
-2.05904 -0.383285
-1.1142 -0.169358
-1.00724 -0.383285
1.41726 0.401112
-0.0267408 -0.757656
-1.7025 -0.525902
-1.09637 -0.828964
1.22116 -0.490248
-1.29247 0.133704
0.971582 1.41726
-2.30862 -0.609627
0.044568 -1.07854
-0.525902 1.59553
-1.82729 -1.02506
0.22284 -0.187185
0.882446 1.3103
0.971582 -0.775483
-1.5064 -0.811137
0.900273 0.579384
0.169358 0.9181
-1.14985 -1.13203
0.579384 -0.9181
0.507367 1.34595
-0.365457 0.47242
-0.276321 0.632865
-1.48857 -0.953755
-1.82729 -0.133704
-2.4293 -0.846791
-0.00891359 0.044568
-0.739828 -0.0802223
0.615038 1.55988
1.72032 0.044568
1.22116 0.561556
-1.45292 -0.597211
0.543729 1.09637
0.418939 0.686347
0.34763 0.650692
1.34595 -0.258494
-1.25429 0.205013
-0.757656 -1.07854
-0.650692 0.187185
-0.276321 -1.15986
-1.34595 -0.438414
-0.415944 0.34763
1.04289 1.13203
0.0267408 0.187185
0.22284 -0.34763
-2.25514 -0.920587
-1.66684 -0.294149
0.561556 0.846791
-1.88077 -1.13203
0.0623952 1.02506
-0.294149 1.54205
-0.205013 1.25682
-1.9699 -0.882446
-2.10333 -1.25682
0.294149 1.72032
-0.294149 1.1142
-0.972702 -0.115877
-0.543729 1.14985
-2.345 -0.757656
-1.09637 -0.34763
0.401112 -0.864619
-1.7025 -0.722001
-1.27464 0.258494
-0.828964 0.294149
0.151531 0.34763
0.365457 -0.828964
-1.52422 -0.311976
-1.45292 -0.0980495
1.68467 -0.543729
-0.383285 -0.401112
-0.281636 1.23899
1.45558 -0.044568
0.044568 -1.27464
-0.454593 -0.240667
0.562009 0.0623952
0.0802223 0.0980495
0.0802223 1.63119
0.525902 -0.989409
0.133704 0.0802223
-0.365457 -0.384302
-0.22284 0.864619
-0.989409 0.00891359
-0.436766 -0.882446
1.79163 -0.0802223
0.757656 1.72032
0.849659 -0.900273
-1.13644 -0.650692
-0.953755 -0.00891359
-0.579384 0.418939
0.34763 0.454593
-2.18383 -0.525902
-0.543729 -0.68709
0.383285 -0.9181
0.309116 1.41726
0.757656 -0.0802223
-1.64901 -0.811137
0.0806968 -1.34595
-0.0267408 -0.187185
-1.07854 -0.187185
0.00891359 0.686347
-1.82729 -0.797687
1.29247 -0.615038
-1.09637 0.0802223
-0.436766 -0.115877
-1.7025 -0.276321
0.561556 0.0267408
-1.23899 -0.579384
0.329803 0.258494
-1.41726 0.151531
0.401112 -0.0802223
-0.971582 0.240667
0.00891359 -0.115877
-0.151531 -1.41726
-0.900273 0.00891359